239
40
40
40
42
60
59
59
91
66
94
85
216
80
89
70
59
217
43
38
21
31
33
27
78
125
108
158
88
80
101
122
72
69
32
132
42
33
26
54
109
20
55
60
47
99
72
58
39
380
52
86
79
33
210
403
78
37
27
27
23
22
96
31
47
396
99
24
61
86
343
32
39
27
720
61
18
178
409
37
248
27
26
111
29
65
229
22
1134
108
598
49
544
22
258
359
999
62
92
59
179
227
225
198
119
173
989
151
31
113
232
52
38
361
333
148
36
96
94
77
54
62
42
31
172
18
178
161
95
101
336
39
42
1102
91
53
30
47
45
37
91
185
337
106
208
45
123
424
223
568
174
167
113
28
10
64
158
76
165
43
41
1084
24
149
58
62
94
314
508
58
37
107
772
1451
726
814
62
59
55
39
69
109
107
161
89
106
60
117
59
240
26
46
45
165
199
49
30
1247
698
17
25
353
41
739
34
52
14
31
254
33
272
109
26
160
98
203
44
97
37
160
112
200
75
70
133
90
117
65
40
35
124
48
76
89
41
54
121
52
80
41
