661
211
150
68
26
87
113
124
81
67
125
106
176
99
82
117
85
115
115
126
41
98
127
55
135
109
126
69
100
66
25
35
108
71
127
189
59
92
92
53
68
190
158
212
80
15
128
222
87
219
311
428
374
292
257
181
270
147
210
204
58
177
168
130
168
187
138
227
220
261
180
192
245
162
255
178
163
192
216
220
197
161
136
124
255
140
140
143
114
145
129
126
159
118
145
150
168
255
143
159
245
167
79
202
106
200
59
83
130
32
27
44
29
28
25
18
73
303
103
8
115
54
964
22
55
7
15
120
157
17
27
210
76
8
51
11
459
49
51
34
36
35
44
33
38
34
30
69
71
32
31
46
20
38
55
159
40
102
31
41
36
30
40
63
85
40
31
42
34
54
34
38
31
65
33
32
32
39
31
55
27
78
13
109
28
11
8
40
288
24
27
26
192
10
99
39
85
48
1730
23
175
203
228
18
24
16
20
279
96
13
36
99
106
69
84
44
29
11
53
31
32
39
41
5
12
18
34
9
32
60
100
20
7
8
25
30
77
73
7
58
87
23
24
122
26
49
7
13
38
27
54
104
75
55
427
59
77
126
66
45
99
36
33
47
345
201
36
47
36
27
27
124
57
301
56
50
37
226
69
169
92
54
62
92
18
40
47
63
59
27
110
50
47
42
11
8
53
46
114
64
106
59
97
67
36
38
48
57
79
144
39
37
50
34
60
81
62
58
41
141
28
114
31
82
225
55
29
20
64
29
31
36
32
67
40
32
26
28
32
32
30
28
43
117
1521
57
478
28
27
55
57
95
51
56
45
41
62
86
49
81
39
27
51
59
100
72
28
20
20
28
20
26
27
27
26
26
768
29
259
145
24
24
60
212
39
60
135
29
663
29
33
84
31
53
30
37
34
26
52
28
57
13
79
81
42
729
30
60
106
61
82
55
45
219
33
26
92
159
45
94
45
52
255
34
42
11
66
89
81
32
231
96
68
31
20
44
90
107
131
10
30
195
153
2042
39
52
26
87
36
49
31
480
76
43
38
89
138
89
61
7
26
27
45
24
54
79
30
325
28
73
39
147
94
107
345
227
41
158
40
341
103
39
111
34
172
101
20
298
39
32
45
77
184
184
427
280
101
51
867
28
26
43
62
124
54
39
96
57
38
55
1323
34
133
56
247
47
26
883
59
200
135
213
52
88
100
101
80
112
31
65
13
14
37
24
30
25
94
79
51
41
51
110
100
148
71
70
70
50
37
111
87
6
9
83
60
86
153
41
27
7
12
91
100
69
90
51
83
51
85
17
38
81
52
65
70
113
21
12
78
33
37
76
46
49
44
21
80
53
57
45
37
48
98
33
25
72
217
112
88
164
39
36
55
38
56
48
110
81
62
68
102
13
40
130
14
30
37
77
51
294
8
54
14
30
137
91
28
26
42
39
32
20
71
48
26
88
36
35
169
107
8
21
46
7
21
13
8
22
101
27
9
34
11
8
29
77
27
32
10
5
27
27
