1783
23
40
36
27
256
32
244
121
60
38
37
58
128
42
48
30
23
35
24
33
35
193
547
87
52
46
47
84
318
34
50
292
40
658
23
46
255
70
80
283
111
113
81
151
77
88
100
97
188
24
59
47
40
49
41
38
24
76
48
64
48
174
58
31
25
31
30
114
63
52
229
75
38
47
63
63
61
27
114
529
50
35
407
43
79
149
87
164
480
49
69
142
38
42
32
34
58
28
706
132
103
58
131
155
39
23
97
69
78
32
51
45
71
42
52
130
71
31
80
36
75
33
126
147
113
117
154
31
89
126
55
138
26
81
325
32
138
29
36
54
266
122
39
120
34
39
443
240
31
31
33
35
42
98
31
63
33
76
43
30
33
119
30
33
30
34
47
87
120
46
509
71
30
67
61
129
114
58
67
163
161
197
47
113
74
33
427
55
39
69
46
96
93
39
37
57
45
55
129
66
39
368
48
188
276
37
68
65
47
52
37
59
70
42
57
336
57
40
40
139
123
26
92
102
104
341
391
102
75
236
132
193
413
40
36
34
192
46
177
488
93
175
284
31
258
84
111
160
103
108
136
633
170
49
46
149
362
296
75
34
132
48
56
96
137
45
30
31
171
46
46
52
254
47
583
293
193
437
50
57
102
61
201
547
43
227
94
28
317
42
30
32
76
129
212
137
263
174
52
280
119
224
235
117
127
75
237
107
510
185
29
35
103
82
105
838
39
23
149
963
25
27
33
888
61
120
32
57
29
63
29
235
79
49
210
161
57
58
22
56
47
320
63
316
524
26
74
463
37
803
28
37
34
42
26
199
30
95
140
44
162
36
1004
32
90
265
42
292
69
398
33
182
61
59
75
50
34
89
58
91
36
52
217
71
81
149
48
59
35
110
30
63
85
65
182
62
42
58
142
29
650
35
77
164
284
243
141
102
113
58
85
51
127
46
47
133
129
45
123
68
74
40
59
255
155
295
139
133
188
41
113
32
1254
259
683
1316
38
65
208
35
27
55
130
101
270
139
103
759
313
789
229
274
27
170
40
31
219
52
43
41
113
682
130
30
72
42
74
70
55
162
40
48
39
84
47
68
54
42
173
129
95
177
63
53
37
106
630
100
121
703
35
134
298
74
102
451
37
65
105
88
113
73
46
49
121
316
67
30
48
531
263
29
91
46
36
108
516
40
122
1233
38
123
296
170
1064
137
199
63
214
182
36
212
111
38
54
22
166
59
243
50
97
111
247
235
213
52
302
120
180
232
59
115
99
990
123
488
32
106
227
27
36
23
212
52
192
83
26
24
37
45
57
39
42
43
24
181
43
141
38
26
84
23
61
26
29
58
45
33
94
167
87
143
416
571
37
165
417
170
240
100
51
68
98
146
36
257
52
31
31
45
81
53
68
69
79
30
65
74
39
113
126
98
37
40
601
65
1008
69
35
329
103
211
57
123
253
67
60
453
376
60
149
67
41
44
57
40
96
432
223
33
34
126
22
320
45
158
151
92
172
472
78
576
74
27
485
102
49
97
195
32
333
435
155
109
57
42
106
141
992
68
30
69
289
87
51
27
45
39
80
197
60
359
140
276
47
32
126
1099
56
38
205
67
435
26
673
32
32
118
59
40
28
58
218
428
96
304
47
59
86
55
22
849
69
1282
160
139
65
85
119
98
47
59
140
231
34
71
65
188
60
522
212
643
366
237
42
612
456
28
108
277
224
64
41
200
97
94
134
259
124
124
94
94
79
92
221
58
200
137
173
107
224
108
56
39
126
103
96
114
126
86
532
106
34
36
50
188
331
49
304
129
140
47
154
192
98
28
101
136
25
155
69
99
229
47
133
34
51
80
21
68
158
90
114
119
498
68
76
90
127
305
106
76
90
114
85
176
70
76
103
115
169
378
76
92
184
70
136
92
90
56
92
159
152
98
74
175
77
136
30
25
529
691
73
207
160
38
97
44
41
58
33
35
52
41
56
30
26
107
94
113
48
35
89
134
43
138
641
119
116
36
50
146
77
126
225
340
71
99
56
90
106
190
108
515
321
722
237
32
84
201
103
26
228
69
44
41
40
90
181
38
131
167
42
29
39
92
80
185
191
405
97
41
146
85
66
30
78
600
223
61
126
32
95
51
484
623
30
965
75
36
25
72
85
71
687
266
1107
685
106
52
142
30
221
51
51
45
77
33
63
24
36
111
41
93
762
32
36
25
48
81
23
56
31
76
138
59
37
37
46
32
23
103
167
192
149
139
332
70
111
133
42
130
39
114
90
58
90
182
59
99
95
30
401
150
163
29
101
555
123
132
33
238
27
62
91
28
31
66
46
244
25
30
62
75
51
26
36
31
63
101
123
204
149
133
187
106
62
96
126
49
26
26
211
68
37
31
44
88
58
39
35
88
42
26
101
142
73
174
132
65
234
33
153
43
45
30
158
113
25
30
36
87
45
73
30
75
23
154
44
251
45
38
62
33
104
61
176
82
735
180
149
109
45
40
59
60
60
60
40
44
71
60
234
53
52
187
164
37
67
92
34
44
29
29
149
697
51
106
270
43
884
25
57
184
614
260
37
34
203
30
64
97
80
42
35
388
150
215
290
86
369
36
28
207
39
90
114
40
65
158
97
44
106
37
45
32
25
43
37
79
52
53
41
27
45
89
36
110
54
34
34
72
235
122
216
27
154
494
27
27
33
91
33
23
37
35
26
25
31
35
56
30
40
40
117
27
25
108
30
30
144
59
37
38
28
61
776
86
71
46
366
41
114
51
128
35
48
36
134
38
494
73
67
79
43
504
107
222
80
133
136
247
44
29
119
247
995
71
269
313
86
25
45
139
69
403
27
44
75
28
58
160
193
35
32
43
27
23
82
84
31
94
40
69
35
31
285
38
69
297
81
37
63
63
71
49
51
87
67
45
59
77
42
43
49
151
78
33
47
51
128
92
52
477
30
726
190
31
290
367
170
267
101
485
164
114
566
206
516
171
140
650
112
85
205
50
31
53
63
200
62
106
157
27
74
31
53
152
30
75
35
34
45
38
40
50
75
89
99
52
147
191
60
167
45
128
326
88
264
156
70
301
228
113
85
89
73
104
127
66
120
83
155
77
85
135
74
127
163
179
136
177
294
231
87
60
175
103
102
120
62
1598
77
125
218
348
325
38
497
59
53
25
489
46
348
29
342
203
53
287
18
86
40
59
133
47
287
72
97
218
38
45
702
662
35
166
1260
263
838
58
265
40
137
26
456
95
199
292
843
368
29
69
102
36
25
235
104
270
165
161
124
86
295
194
285
134
102
162
26
102
910
67
77
152
88
65
28
66
186
45
149
65
75
118
238
344
84
71
167
71
27
175
230
606
118
333
29
282
34
73
30
95
30
74
38
40
85
75
42
34
142
62
64
67
30
83
33
38
47
61
100
359
93
44
95
43
44
1025
56
56
44
131
82
244
196
71
59
405
62
63
214
46
227
95
119
119
47
128
85
180
149
104
52
76
46
220
51
47
29
87
77
825
593
270
425
415
648
101
371
141
257
1313
118
99
62
251
206
148
95
71
70
28
250
733
55
118
402
43
34
179
42
56
99
101
189
120
92
401
458
96
472
49
99
73
369
198
39
270
40
210
214
564
216
352
548
28
117
665
185
255
512
332
373
325
180
73
78
34
135
1757
34
185
601
334
445
26
99
456
243
74
34
49
92
92
80
39
112
247
288
38
32
36
1001
561
98
130
264
30
28
29
102
25
140
44
26
128
71
347
24
56
239
70
37
56
54
30
260
252
34
76
41
71
332
43
289
68
265
28
51
1319
225
50
608
198
320
208
29
147
184
194
112
277
41
261
439
159
41
176
168
58
252
58
61
39
215
61
49
27
119
30
33
676
839
130
147
67
195
45
51
146
45
75
127
38
24
86
201
54
116
26
364
35
74
40
63
36
40
118
156
41
97
26
117
131
41
49
56
262
63
38
47
50
25
43
30
182
109
25
48
26
35
46
32
30
31
91
49
49
52
78
45
209
272
89
26
224
810
163
26
26
273
203
340
602
65
29
30
65
399
38
97
748
66
